753	
	  0	  0	  0	-0.06100423396	  0
	  0	-0.06100423396	  0	  0	  0
	  0	  0	-0.08950345495	  0	  0
	-0.1032421771	  0	  0	-0.1076633387	  0
	  0	-0.1081548693	  0	  0	-0.1090637759
	  0	  0	-0.1126767803	  0	  0
	-0.0908253801	  0	  0	-0.09236400663	  0
	  0	-0.1082531755	  0	  0	-0.1049792333
	  0	  0	-0.1078118097	  0	  0
	-0.1077605178	  0	  0	-0.1077239452	  0
	  0	-0.1077222829	  0	  0	-0.1077210977
	  0	  0	-0.1077210439	  0	  0
	-0.1056974318	  0	  0	-0.1021246651	  0
	  0	-0.1020740543	  0	  0	-0.1020740543
	  0	  0	-0.1020740543	  0	  0
	-0.1020740543	  0	  0	-0.1020740543	  0
	  0	-0.1020740543	  0	  0	-0.1020740543
	  0	  0	-0.1020740543	  0	  0
	-0.1020740543	  0	  0	-0.1020740543	  0
	  0	-0.1020740543	  0	  0	-0.1020740543
	  0	  0	-0.1047222491	  0	  0
	-0.1047222491	  0	  0	-0.1025154201	  0
	  0	-0.1051636149	  0	  0	-0.1077433283
	  0	  0	-0.1079012876	  0	  0
	-0.1074956862	  0	  0	-0.1061969723	  0
	  0	-0.09061842132	  0	  0	-0.09521479915
	  0	  0	-0.1053380729	  0	  0
	-0.08559821502	  0	  0	-0.08477394963	  0
	  0	-0.104520248	  0	  0	-0.09236400663
	  0	  0	-0.09236400663	  0	  0
	-0.09236400663	  0	  0	-0.0908253801	  0
	  0	-0.110012902	  0	  0	-0.1141978713
	  0	  0	-0.1128968247	  0	  0
	-0.1026778384	  0	  0	-0.1020740543	  0
	  0	-0.1020740543	  0	  0	-0.1020740543
	  0	  0	-0.1020740543	  0	  0
	-0.1020740543	  0	  0	-0.1020740543	  0
	  0	-0.1020740543	  0	  0	-0.1020740543
	  0	  0	-0.1020740543	  0	  0
	-0.1020740543	  0	  0	-0.1032954271	  0
	  0	-0.1093730662	  0	  0	-0.0908253801
	  0	  0	-0.09236400663	  0	  0
	-0.09236400663	  0	  0	-0.09236400663	  0
	  0	-0.09236400663	  0	  0	-0.09236400663
	  0	  0	-0.09236400663	  0	  0
	-0.09104859729	  0	  0	-0.1117896439	  0
	  0	-0.1082531755	  0	  0	-0.1060518431
	  0	  0	-0.107211406	  0	  0
	-0.0882525523	  0	  0	-0.09236400663	  0
	  0	-0.09236400663	  0	  0	-0.08863979865
	  0	  0	-0.0933098385	  0	  0
	  0	  0	  0	  0	  0
	  0	  0	  0	  0	-0.2061677119
	  0	  0	-0.2114610119	  0	  0
	-0.2181508061	  0	  0	-0.2302196585	  0
	  0	-0.2088341698	  0	  0	-0.2100610961
	  0	  0	-0.2100447948	  0	  0
	-0.2173785169	  0	  0	-0.1989827037	  0
	  0	-0.2003186214	  0	  0	-0.2003186214
	  0	  0	-0.2003186214	  0	  0
	-0.2003186214	  0	  0	-0.2003186214	  0
	  0	-0.1965040492	  0	  0	-0.1956930703
	  0	  0	-0.2165337009	  0	  0
	-0.2103538602	  0	  0	-0.2360186795	  0
	  0	-0.2296278468	  0	  0	-0.2148768639
	  0	  0	-0.2138084776	  0	  0
	-0.1954258332	  0	  0	-0.2003186214	  0
	  0	-0.2003186214	  0	  0	-0.2003186214
	  0	  0	-0.2003186214	  0	  0
	-0.201640762	  0	  0	-0.2181508061	  0
	  0	-0.2298213223	  0	  0	-0.2298174174
	  0	  0	-0.2296969225	  0	  0
	-0.218846234	  0	  0	-0.21809507	  0
	  0	-0.2105434278	  0	  0	-0.2320737678
	  0	  0	-0.187578587	  0	  0
	-0.2084017352	  0	  0	-0.1738418431	  0
	  0	-0.2267325222	  0	  0	-0.2046552977
	  0	  0	-0.2215961617	  0	  0
	-0.1985761885	  0	  0	-0.2120894971	  0
	  0	-0.2095708148	  0	  0	-0.1930862631
	  0	  0	-0.1991186248	  0	  0
	-0.2279142522	  0	  0	-0.223936608	  0
	  0	-0.1964105933	  0	  0	-0.1949841253
	  0	  0	-0.2216400219	  0	  0
	-0.2004515043	  0	  0	-0.1788561859	  0
	  0	-0.1990901593	  0	  0	-0.2144489465
	  0	  0	-0.2103948119	  0	  0
	-0.2005062643	  0	  0	-0.2007389749	  0
	  0	-0.2358473089	  0	  0	-0.2100556096
	  0	  0	-0.2007848672	  0	  0
	-0.2007924087	  0	  0	-0.2360403196	  0
	  0	-0.210044617	  0	  0	-0.2064804271
	  0	  0	-0.223539033	  0	  0
	-0.2151326878	  0	  0	-0.1995487623	  0
	  0	-0.2003186214	  0	  0	-0.2347932257
	  0	  0	-0.2003186214	  0	  0
	-0.2361241532	  0	  0	-0.2003186214	  0
	  0	-0.2361241532	  0	  0	-0.2003186214
	  0	  0	-0.2361241532	  0	  0
	-0.2003186214	  0	  0	-0.2361241532	  0
	  0	-0.1991604217	  0	  0	-0.23452806
	  0	  0	-0.2201298944	  0	  0
	-0.2217424988	  0	  0	-0.1983481553	  0
	  0	-0.2211561302	  0	  0	-0.2061728437
	  0	  0	-0.2138308938	  0	  0
	-0.2111288226	  0	  0	-0.201811782	  0
	  0	-0.1984972172	  0	  0	-0.2358206071
	  0	  0	-0.2057763659	  0	  0
	-0.2049331908	  0	  0	-0.1963329605	  0
	  0	-0.1967868939	  0	  0	-0.2183499155
	  0	  0	-0.1999437417	  0	  0
	-0.2359221793	  0	  0	-0.2003186214	  0
	  0	-0.2361241532	  0	  0	-0.2003186214
	  0	  0	-0.2361241532	  0	  0
	-0.2003186214	  0	  0	-0.2361241532	  0
	  0	-0.2003186214	  0	  0	-0.2362909412
	  0	  0	-0.2078163664	  0	  0
	-0.2129869988	  0	  0	-0.2109211584	  0
	  0	-0.1647538242	  0	  0	-0.1903250853
	  0	  0	-0.2195359407	  0	  0
	-0.1989965283	  0	  0	-0.1904133464	  0
	  0	-0.1744443679	  0	  0	-0.1750702063
	  0	  0	-0.2317861357	  0	  0
	-0.1321991174	  0	  0	-0.1158692098	  0
	  0	-0.1476328017	  0	  0	-0.1501771361
	  0	  0	-0.1529113742	  0	  0
	-0.1543198198	  0	  0	-0.1470172952	  0
	  0	-0.1590904954	  0	  0	-0.1590904954
	  0	  0	-0.1590904954	  0	  0
	-0.1590904954	  0	  0	-0.1534470171	  0
	  0	-0.1590904954	  0	  0	-0.1590904954
	  0	  0	-0.1531231081	  0	  0
	-0.1574062195	  0	  0	-0.1590904954	  0
	  0	-0.1591197209	  0	  0	-0.151882106
	  0	  0	-0.1590904954	  0	  0
	-0.1590904954	  0	  0	-0.1485397534	  0
	  0	-0.1397159779	  0	  0	-0.1590523726
	  0	  0	-0.1472085629	  0	  0
	-0.1472085629	  0	  0	-0.1593728478	  0
	  0	-0.1472085629	  0	  0	-0.1529113742
	  0	  0	-0.1593540814	  0	  0
	-0.1587750026	  0	  0	-0.1529113742	  0
	  0	-0.1259696445	  0	  0	-0.1431357966
	  0	  0	-0.1396237137	  0	  0
	-0.1395065425	  0	  0	-0.1924064978	  0
	  0	-0.1476736503	  0	  0	-0.09049411214
	  0	  0	-0.1238818458	  0	  0
	-0.1246739906	  0	  0	-0.1274754227	  0
	  0	-0.09044536757	  0	  0	-0.1223043414
	  0	  0	-0.09051241939	  0	  0
	-0.1589648982	  0	  0	
